1 
9 
12 
14 
16 
18 
19 
24 
27 
31 
33 
34 34 
36 
39 
40 40 
47 
48 
49 
52 
56 
57 
59 
60 
61 61 
64 
69 
73 
75 
80 
82 
83 83 
85 
87 
88 88 
89 
90 
92 
95 
96 
98 
101 
102 
104 104 104 
106 
107 107 
108 
110 
111 
115 
116 
118 118 
119 119 
121 
122 122 
124 124 
125 
127 
131 
136 
137 
139 139 
141 141 
148 
150 
153 
154 154 
155 155 155 
163 
167 
170 
171 
174 
176 
177 177 
178 
179 
180 
181 181 
183 
186 186 
191 
193 
198 
202 202 
206 
207 
211 
212 
213 
214 214 
216 
217 
218 
219 
226 226 
227 227 
233 
236 
238 
239 
240 
241 
243 
245 245 
246 246 
250 
251 251 
256 
258 
261 
263 
264 
266 
271 
274 
275 
276 
278 
282 
288 
291 291 
293 293 
297 297 297 
299 
300 
303 303 
304 
307 307 
308 308 
310 
312 
318 
320 
321 321 
322 
327 
328 
334 334 
341 
342 
345 
346 346 
347 
348 348 
349 
350 
351 
352 
353 
355 
358 358 
359 
361 
366 
369 
370 
374 
375 
376 
378 
379 
381 
384 384 
386 
387 387 
390 
394 
397 397 
398 
399 399 
400 400 
402 
403 
404 
405 
407 407 
409 409 
410 
413 413 
414 
417 
418 
421 
422 
423 
424 
425 
431 
438 
441 441 
442 
445 
449 
451 
453 
454 
459 
461 
462 462 
464 
465 
467 
469 
470 470 
471 
472 
475 
476 476 
485 
493 
495 
497 
500 500 
502 
503 
505 
506 506 
510 
511 
516 516 
518 
521 521 
522 
524 
526 
527 
528 
530 
533 
534 534 
535 
536 536 
539 
540 
542 
543 
547 
548 548 
549 
550 
555 
556 
557 
559 
564 
571 
573 
577 
580 
583 583 
584 584 
585 
587 
590 
592 
593 
594 
595 
597 
602 602 
606 
608 
609 
615 
616 616 
617 
621 
623 623 
628 628 
630 
631 
632 
633 
635 
638 
641 
645 
647 
649 
652 
654 
658 
661 
662 
663 
667 
668 668 
674 
676 
678 678 
679 
